23 *****DONE = X, Z; (Y heights are estimates, not yet complete)
****Tucked chairs in.
****Looked at 360cities virtual tour to base fireplace and TV.


0 0 is at the corner by the bedroom
First coordinate: bigger side (wall connecting kitchen and living area, wall connecting front closet and brdm)
Second coordinate: smaller side (wall containing front door and wall by bdrm/living room)

In Unity:
X is bigger side!
Y is height
Z is smaller side!

so, yes, the coordinates are X, Z

6 - Wall behind bed - DONE
0 3.23
4.7 3.23
4.7 2.99
4.57 2.99
4.57 3.13
0 3.13

6 - Wall corner bedroom/bathroom - DONE
4.57 2.19
4.7 2.19
4.7 2
4.98 2
4.98 1.9
4.57 1.9

4 - Wall flat bedroom/bathroom - DONE
4.57 1.09
4.7 1.09
4.7 0
4.57 0

6 - Wall corner bathroom/foyer - DONE
6.05 2.02
7.71 2.02
7.71 0
7.59 0
7.59 1.9
6.05 1.9

4 - Wall kitchen/foyer - DONE
7.84 3.25
8.6 3.25
8.6 3.11
7.84 3.11

4 - Wall fridge/foyer - DONE
9.95 3.12
10.59 3.12
10.59 2.99
9.95 2.99

4 - Night stand left - DONE - scales??
0.57 3.09
1.18 3.09
1.18 2.64
0.57 2.64

4 - Bed - DONE - scales??
1.21 3.09
2.73 3.09
2.73 1.26
1.21 1.26

4 - TV Stand/fireplace - DONE - scales?? 
1.71 6.2
3.26 6.2
3.26 5.86
1.71 5.86

4 - Night Stand right - DONE - scales??
2.76 3.09
3.35 3.09
3.35 2.63
2.76 2.63

4 - Sink - DONE - scales??
4.71 0.63
5.59 0.63
5.59 0
4.71 0

4 - Chair top left - DONE - scales??
4.92 6.11
5.4 6.11
5.4 5.56
4.92 5.56

4 - Chair bottom left - DONE - scales??
4.92 5.3
5.4 5.3
5.4 4.75
4.92 4.75

4 - Dining Table - DONE - position?? scales??
5.69 6.16
6.52 6.16
6.52 4.63
5.69 4.63

8 - Toilet - DONE - scales??
5.87 0.17
6.04 0.17
6.04 0.49
6.31 0.49
6.31 0.17
6.5 0.17
6.5 0
5.87 0

4 - Bathtub - DONE - scales??
6.65 1.89
7.58 1.89
7.58 0
6.65 0

4 - Chair top right - DONE - scales??
6.81 6.12
7.3 6.12
7.3 5.57
6.81 5.57

4 - Chair bottom right - DONE - scales??
6.81 5.25
7.3 5.25
7.3 4.7
6.81 4.7

4 - Island - DONE - scales??
7.62 5.85
8.38 5.85
8.38 4.11
7.62 4.11

4 - Closet in foyer **************************
7.72 0.87
10.59 0.87
10.59 0
7.72 0

12 - Cabinets in kitchen - DONE - scales??
8.59 6.28
10.59 6.28
10.59 3.15
9.9 3.15
9.9 3.87
9.97 3.87
9.97 4.44
9.9 4.44
9.9 5.35
9.97 5.35
9.97 5.8
8.59 5.8

244
0.34 3.8
0.35 3.81
0.36 3.82
0.37 3.82
0.37 3.84
0.38 3.85
0.39 3.86
0.4 3.86
0.4 3.88
0.41 3.89
0.42 3.89
0.42 3.91
0.43 3.92
0.44 3.92
0.44 3.94
0.45 3.95
0.46 3.95
0.46 3.97
0.47 3.98
0.48 3.99
0.49 3.99
0.49 4.01
0.5 4.02
0.51 4.02
0.51 4.04
0.52 4.05
0.53 4.05
0.53 4.07
0.54 4.08
0.55 4.09
0.56 4.09
0.56 4.11
0.57 4.12
0.58 4.12
0.58 4.14
0.59 4.15
0.6 4.16
0.61 4.16
0.61 4.18
0.62 4.19
0.63 4.19
0.63 4.21
0.64 4.22
0.65 4.22
0.65 4.24
0.66 4.25
0.67 4.25
0.67 4.27
0.68 4.28
0.69 4.29
0.7 4.29
0.7 4.31
0.71 4.32
0.72 4.32
0.72 4.34
0.73 4.35
0.74 4.35
0.74 4.37
0.75 4.38
0.76 4.39
0.77 4.39
0.77 4.41
0.78 4.42
0.79 4.41
0.81 4.41
0.82 4.4
0.82 4.39
0.84 4.39
0.85 4.38
0.85 4.37
0.87 4.37
0.88 4.36
0.89 4.35
0.89 4.34
0.91 4.34
0.91 4.33
0.93 4.33
0.94 4.32
0.95 4.31
0.95 4.3
0.97 4.3
0.98 4.29
0.98 4.28
1 4.28
1.01 4.27
1.02 4.26
1.02 4.25
1.04 4.25
1.05 4.24
1.05 4.23
1.07 4.23
1.08 4.22
1.09 4.21
1.09 4.2
1.11 4.2
1.12 4.19
1.13 4.18
1.13 4.17
1.15 4.17
1.16 4.16
1.16 4.15
1.18 4.15
1.19 4.14
1.2 4.13
1.2 4.12
1.22 4.12
1.23 4.11
1.24 4.1
1.24 4.09
1.26 4.09
1.27 4.08
1.27 4.07
1.29 4.07
1.3 4.06
1.3 4.05
1.32 4.05
1.32 4.04
1.34 4.04
1.35 4.03
1.35 4.02
1.37 4.02
1.38 4.01
1.37 4
1.37 3.98
1.36 3.97
1.35 3.97
1.35 3.95
1.34 3.94
1.33 3.94
1.33 3.92
1.32 3.91
1.31 3.91
1.31 3.89
1.3 3.88
1.29 3.88
1.29 3.86
1.28 3.85
1.27 3.84
1.26 3.84
1.26 3.82
1.25 3.81
1.24 3.81
1.24 3.79
1.23 3.78
1.22 3.77
1.21 3.77
1.21 3.75
1.2 3.75
1.2 3.73
1.19 3.72
1.18 3.72
1.18 3.7
1.17 3.69
1.16 3.68
1.15 3.68
1.15 3.66
1.14 3.65
1.13 3.65
1.13 3.63
1.12 3.62
1.11 3.61
1.1 3.6
1.09 3.6
1.09 3.58
1.08 3.57
1.07 3.57
1.07 3.55
1.06 3.54
1.05 3.54
1.05 3.52
1.04 3.51
1.03 3.5
1.02 3.5
1.02 3.48
1.01 3.47
1 3.47
1 3.45
0.99 3.45
0.99 3.43
0.98 3.42
0.97 3.41
0.96 3.41
0.96 3.39
0.95 3.38
0.94 3.37
0.93 3.38
0.92 3.39
0.91 3.4
0.9 3.41
0.88 3.41
0.87 3.42
0.87 3.43
0.85 3.43
0.84 3.44
0.84 3.45
0.82 3.45
0.81 3.46
0.8 3.47
0.8 3.48
0.78 3.48
0.77 3.49
0.77 3.5
0.75 3.5
0.74 3.51
0.74 3.52
0.72 3.52
0.71 3.53
0.71 3.54
0.69 3.54
0.68 3.55
0.67 3.56
0.67 3.57
0.65 3.57
0.64 3.58
0.64 3.59
0.62 3.59
0.61 3.6
0.61 3.61
0.59 3.61
0.58 3.62
0.57 3.63
0.57 3.64
0.55 3.64
0.54 3.65
0.54 3.66
0.52 3.66
0.51 3.67
0.51 3.68
0.49 3.68
0.48 3.69
0.47 3.7
0.47 3.71
0.45 3.71
0.44 3.72
0.44 3.73
0.42 3.73
0.41 3.74
0.41 3.75
0.39 3.75
0.38 3.76
0.37 3.77
0.37 3.78
0.35 3.78
0.34 3.79


210
2.09 3.88
2.1 3.89
2.11 3.9
2.12 3.91
2.13 3.92
2.14 3.93
2.15 3.94
2.16 3.95
2.17 3.96
2.18 3.97
2.19 3.98
2.21 3.98
2.22 3.99
2.23 4
2.24 4.01
2.25 4.02
2.26 4.03
2.27 4.04
2.28 4.05
2.29 4.06
2.29 4.07
2.31 4.07
2.32 4.08
2.33 4.09
2.34 4.1
2.35 4.11
2.36 4.12
2.37 4.13
2.38 4.14
2.38 4.15
2.4 4.15
2.41 4.16
2.42 4.17
2.43 4.18
2.44 4.19
2.45 4.2
2.46 4.21
2.47 4.22
2.48 4.23
2.48 4.24
2.5 4.24
2.51 4.25
2.52 4.26
2.53 4.27
2.54 4.28
2.55 4.29
2.56 4.3
2.57 4.31
2.58 4.32
2.58 4.33
2.6 4.33
2.61 4.34
2.62 4.35
2.63 4.36
2.65 4.36
2.66 4.35
2.67 4.34
2.68 4.33
2.69 4.32
2.7 4.31
2.71 4.3
2.72 4.29
2.73 4.28
2.73 4.26
2.74 4.25
2.75 4.24
2.76 4.23
2.77 4.22
2.78 4.21
2.79 4.2
2.8 4.19
2.81 4.18
2.82 4.17
2.83 4.16
2.84 4.16
2.84 4.14
2.85 4.13
2.86 4.12
2.87 4.11
2.88 4.1
2.89 4.09
2.9 4.08
2.91 4.07
2.92 4.06
2.93 4.05
2.94 4.04
2.95 4.03
2.96 4.03
2.96 4.01
2.97 4
2.98 3.99
2.99 3.98
3 3.97
3.01 3.96
3.02 3.95
3.03 3.94
3.04 3.93
3.05 3.92
3.06 3.91
3.07 3.9
3.08 3.89
3.09 3.89
3.09 3.87
3.1 3.86
3.11 3.85
3.12 3.84
3.12 3.82
3.11 3.81
3.1 3.8
3.09 3.79
3.08 3.78
3.07 3.77
3.06 3.76
3.05 3.75
3.04 3.74
3.03 3.73
3.02 3.72
3 3.72
2.99 3.71
2.98 3.7
2.97 3.69
2.96 3.68
2.95 3.67
2.94 3.66
2.93 3.65
2.92 3.64
2.91 3.63
2.9 3.62
2.9 3.61
2.88 3.61
2.87 3.6
2.86 3.59
2.85 3.58
2.84 3.57
2.83 3.56
2.82 3.55
2.81 3.54
2.8 3.53
2.79 3.52
2.78 3.51
2.77 3.5
2.77 3.49
2.75 3.49
2.74 3.48
2.73 3.47
2.72 3.46
2.71 3.45
2.7 3.44
2.69 3.43
2.68 3.42
2.67 3.41
2.66 3.4
2.65 3.39
2.64 3.38
2.64 3.37
2.62 3.37
2.61 3.36
2.6 3.35
2.58 3.35
2.57 3.36
2.56 3.37
2.55 3.38
2.54 3.39
2.53 3.4
2.52 3.41
2.51 3.42
2.5 3.43
2.49 3.44
2.48 3.45
2.47 3.46
2.46 3.47
2.46 3.49
2.45 3.5
2.44 3.51
2.43 3.52
2.42 3.53
2.41 3.54
2.4 3.55
2.39 3.56
2.38 3.57
2.37 3.58
2.36 3.59
2.35 3.6
2.34 3.61
2.33 3.62
2.32 3.63
2.31 3.64
2.3 3.65
2.29 3.66
2.28 3.66
2.28 3.68
2.27 3.69
2.26 3.7
2.25 3.71
2.24 3.72
2.23 3.73
2.22 3.74
2.21 3.75
2.2 3.76
2.19 3.77
2.18 3.78
2.17 3.79
2.16 3.8
2.15 3.81
2.14 3.82
2.13 3.83
2.12 3.84
2.11 3.84
2.11 3.86
2.1 3.87


